# The shortest cycle length is 423.741
# 1  3 4 5 6 7 8 9 10 11 12 13 14 15 16 17 18 19 20 21 22 23  25 24  26 27 28 29 30  2 (starting at 1, not 0)
0 5 24.042 29.967 61.057 47.096 29.428 32.757 38.275 52.811 49.092 45 39.051 41.012 33.526 43.012 46.872 32.249 35.903 66.212 47.011 35.805 28.601 12.207 16.643 29.069 34.205 22.825 17.464 4.4721
5 0 27.803 34.54 63.82 47.043 29 32.062 36.878 51.42 46.53 42.19 36.056 37.643 28.792 38.275 41.976 27.295 31.048 61.717 44.102 33.121 24.759 10.198 14.56 29.833 35.847 25.612 19.235 8.0623
24.042 27.803 0 10.77 38.079 36.056 25.06 28.302 35.511 47.381 50.12 47.927 43.966 47.539 49.497 58.138 63.506 53.31 57.697 89.185 70.937 59.666 52.498 36.125 40.46 48.384 50.636 37.483 36.401 25.807
29.967 34.54 10.77 0 39.319 45.343 35.777 38.949 46.141 57.489 60.828 58.694 54.708 58.241 59.076 68 73.11 61.4 65.46 96.177 75.073 63.781 58.31 41.049 45 48.877 49.396 36.674 37.802 30.232
61.057 63.82 38.079 39.319 0 35.355 43.566 43.829 47.76 49.041 60.017 61.131 61.098 65.192 76.551 82.765 89.067 85.041 89.939 121.92 107.9 96.799 88.238 73.246 77.698 86.377 88.057 75 74.465 63.53
47.096 47.043 36.056 45.343 35.355 0 18.111 15.524 14.866 14.318 24.739 26.401 27.803 31.623 47.011 50.99 57.385 58.669 63.632 94.202 87.932 78.102 67.052 57.14 61.294 76.164 80.895 68.447 64.382 51.245
29.428 29 25.06 35.777 43.566 18.111 0 3.6056 10.63 24.187 25.06 23.087 20.025 24 33.015 39.395 45.618 42.638 47.634 79.209 70.228 60.166 49.396 39.051 43.186 58.421 63.561 51.546 46.872 33.734
32.757 32.062 28.302 38.949 43.829 15.524 3.6056 0 7.2111 20.591 21.932 20.396 18.111 22.204 33.302 38.949 45.277 43.829 48.826 80.056 72.422 62.586 51.546 42 46.043 61.66 66.94 55.027 50.22 37.108
38.275 36.878 35.511 46.141 47.76 14.866 10.63 7.2111 0 14.56 14.866 14 13.416 17.464 32.202 36.235 42.638 44.283 49.193 79.404 74.733 65.49 53.935 46.39 50.16 66.708 72.422 60.926 55.66 42.72
52.811 51.42 47.381 57.489 49.041 14.318 24.187 20.591 14.56 0 13.454 17.205 21.541 24.187 42.72 44.102 50.22 56.045 60.729 89.067 87.824 79.101 67.268 60.828 64.498 81.253 86.977 75.392 70.214 57.245
49.092 46.53 50.12 60.828 60.017 24.739 25.06 21.932 14.866 13.454 0 5 11.18 12.166 31.401 31.305 37.216 45.277 49.649 76.485 78.026 70.257 58.138 54.781 57.871 75.769 82.292 71.868 65.765 53.535
45 42.19 47.927 58.694 61.131 26.401 23.087 20.396 14 17.205 5 0 6.3246 7.2801 26.476 26.926 33.015 40.311 44.721 72.007 73.027 65.276 53.151 50.16 53.141 71.176 77.827 67.676 61.4 49.406
39.051 36.056 43.966 54.708 61.098 27.803 20.025 18.111 13.416 21.541 11.18 6.3246 0 4.1231 21.19 23.345 29.698 34.713 39.294 67.742 67.119 59.135 47.043 43.863 46.819 64.885 71.589 61.612 55.227 43.417
41.012 37.643 47.539 58.241 65.192 31.623 24 22.204 17.464 24.187 12.166 7.2801 4.1231 0 19.235 20 26.249 33.136 37.483 64.885 66 58.549 46.39 44.777 47.424 65.765 72.719 63.253 56.613 45.277
33.526 28.792 49.497 59.076 76.551 47.011 33.015 33.302 32.202 42.72 31.401 26.476 21.19 19.235 0 9.4868 14.036 14 18.248 47.202 47.096 40.522 28.46 32.016 33.242 51.74 59.414 52.431 45 36.77
43.012 38.275 58.138 68 82.765 50.99 39.395 38.949 36.235 44.102 31.305 26.926 23.345 20 9.4868 0 6.4031 19.235 21.84 45.188 51.42 46.519 34.986 41.049 41.869 60.108 67.941 61.587 54.083 46.239
46.872 41.976 63.506 73.11 89.067 57.385 45.618 45.277 42.638 50.22 37.216 33.015 29.698 26.249 14.036 6.4031 0 19.105 20.248 39.56 49.041 45.486 34.713 43.382 43.566 61.221 69.203 63.953 56.356 49.729
32.249 27.295 53.31 61.4 85.041 58.669 42.638 43.829 44.283 56.045 45.277 40.311 34.713 33.136 14 19.235 19.105 0 5 36.878 33.136 27.313 15.811 25.71 25.08 42.202 50.22 45.88 38.275 34
35.903 31.048 57.697 65.46 89.939 63.632 47.634 48.826 49.193 60.729 49.649 44.721 39.294 37.483 18.248 21.84 20.248 5 0 32.016 29.614 25.239 15 28.071 26.683 42.544 50.606 47.539 40.025 37.216
66.212 61.717 89.185 96.177 121.92 94.202 79.209 80.056 79.404 89.067 76.485 72.007 67.742 64.885 47.202 45.188 39.56 36.878 32.016 0 32.28 39.013 38.601 55.973 52.887 62.008 69.181 71.449 64.938 66.483
47.011 44.102 70.937 75.073 107.9 87.932 70.228 72.422 74.733 87.824 78.026 73.027 67.119 66 47.096 51.42 49.041 33.136 29.614 32.28 0 11.314 20.881 34.828 30.48 32.016 38.21 43.463 38.588 45.277
35.805 33.121 59.666 63.781 96.799 78.102 60.166 62.586 65.49 79.101 70.257 65.276 59.135 58.549 40.522 46.519 45.486 27.313 25.239 39.013 11.314 0 12.166 23.601 19.209 23 30.265 33.242 27.731 33.971
28.601 24.759 52.498 58.31 88.238 67.052 49.396 51.546 53.935 67.268 58.138 53.151 47.043 46.39 28.46 34.986 34.713 15.811 15 38.601 20.881 12.166 0 17.464 14.318 27.731 35.777 34.132 27 28.178
12.207 10.198 36.125 41.049 73.246 57.14 39.051 42 46.39 60.828 54.781 50.16 43.863 44.777 32.016 41.049 43.382 25.71 28.071 55.973 34.828 23.601 17.464 0 4.4721 21.024 28.018 20.591 13.038 10.817
16.643 14.56 40.46 45 77.698 61.294 43.186 46.043 50.16 64.498 57.871 53.141 46.819 47.424 33.242 41.869 43.566 25.08 26.683 52.887 30.48 19.209 14.318 4.4721 0 18.601 26.173 20.881 13.342 14.866
29.069 29.833 48.384 48.877 86.377 76.164 58.421 61.66 66.708 81.253 75.769 71.176 64.885 65.765 51.74 60.108 61.221 42.202 42.544 62.008 32.016 23 27.731 21.024 18.601 0 8.0623 12.728 12.166 25
34.205 35.847 50.636 49.396 88.057 80.895 63.561 66.94 72.422 86.977 82.292 77.827 71.589 72.719 59.414 67.941 69.203 50.22 50.606 69.181 38.21 30.265 35.777 28.018 26.173 8.0623 0 13.153 16.763 29.833
22.825 25.612 37.483 36.674 75 68.447 51.546 55.027 60.926 75.392 71.868 67.676 61.612 63.253 52.431 61.587 63.953 45.88 47.539 71.449 43.463 33.242 34.132 20.591 20.881 12.728 13.153 0 7.6158 18.358
17.464 19.235 36.401 37.802 74.465 64.382 46.872 50.22 55.66 70.214 65.765 61.4 55.227 56.613 45 54.083 56.356 38.275 40.025 64.938 38.588 27.731 27 13.038 13.342 12.166 16.763 7.6158 0 13.153
4.4721 8.0623 25.807 30.232 63.53 51.245 33.734 37.108 42.72 57.245 53.535 49.406 43.417 45.277 36.77 46.239 49.729 34 37.216 66.483 45.277 33.971 28.178 10.817 14.866 25 29.833 18.358 13.153 0
